X1 X2 X3 Y1 Y2 Y3
0.537333674069 0.411741751469 0.0881166602427 1.56303900312 -39.3661554159 1.1255919226
0.609869804057 0.966346868957 0.593623036484 4.35490521569 -45.2722914597 0.6435229351
0.463113719163 0.63286657321 0.0107197896307 1.83508114292 -34.5147340991 0.830247145952
0.0426183929175 0.564592442825 0.226657768764 1.82523060954 9.26526726014 0.478025950093
0.828345692226 0.251715075267 0.242883396669 2.12622937774 -96.5204831772 1.57663061696
0.469372362527 0.162731186111 0.26852870496 1.59426852127 -54.3866409299 1.30664117642
0.917046274569 0.682019759512 0.971850693366 5.04400744787 -64.6925203349 1.23502651506
0.716039632108 0.329798762703 0.0784272101939 1.54941428999 -56.2847626354 1.3862408694
0.379714481544 0.497342208361 0.37044592442 2.31072494709 -25.8035957129 0.882372273183
0.596445439848 0.893706723085 0.948838285304 5.2331761608 -48.4421044114 0.702738716763
0.665345011581 0.510939045187 0.716234394135 3.74732892701 -64.0327040368 1.15440596639
0.400384941874 0.156153715804 0.88022134687 3.40447169339 -32.453538726 1.24423122607
0.757916139228 0.0752922477885 0.914938942461 3.59237191158 -80.5516137783 1.68262389144
0.273554811123 0.312391089006 0.792598649446 3.27945299947 -19.6409528914 0.961163722117
0.439101638437 0.430450680454 0.920670131237 4.09877623483 -20.8915218313 1.00865095798
0.539295505979 0.256060902348 0.750346542894 3.27403908337 -34.3718747401 1.28323460363
0.214928303998 0.237881158764 0.968423404649 3.389882424 -3.92139363066 0.977047145234
0.385714817832 0.990426860949 0.757855427768 4.62289163163 -17.4694285273 0.395287956882
0.338687294064 0.855138461749 0.748997377091 4.31790062316 -28.2548633833 0.483548832316
0.0951566779526 0.893764263022 0.624285593625 3.75409813875 -6.26699192721 0.201392414931
0.30891410901 0.940499504122 0.591626548752 3.94057456088 -35.9255802545 0.368414604888
0.456177209647 0.712497605693 0.635158813829 3.58493297401 -33.9910336617 0.743679603953
0.757525908768 0.350480221781 0.343436569869 2.56853341271 -86.9113124569 1.40704568699
0.504536728056 0.527103367761 0.498592741239 3.00540861111 -44.2048054304 0.977433360295
0.139625262888 0.344823509572 0.970863187337 3.82946606965 -14.5513847841 0.794801753316
0.919278962012 0.367709566351 0.711422120167 3.83332455097 -71.6651114983 1.55156939566
0.683974378859 0.698100441364 0.646121413697 4.04869298986 -58.1360381734 0.985873937495
0.0725130228444 0.7401576126 0.545615083847 3.20020807945 15.7871771825 0.332355410244
0.392539306894 0.182105265326 0.118457828595 1.09531036313 -32.6698595125 1.21043404157
0.0786227054382 0.222371442274 0.653862285829 2.17745583568 10.5806969805 0.856251263164
0.28519110518 0.119790208254 0.461655668941 1.90791706647 -15.1794939871 1.16540089693
0.198181471888 0.0863768138159 0.315053861259 1.39430860376 -14.3416857848 1.11180465807
0.248140581215 0.506057371302 0.702338524008 3.42813774007 -18.0003114674 0.742083209913
0.577832612167 0.598974104862 0.830318036435 4.36461926881 -52.853980638 0.978858507305
0.206402107827 0.867645486407 0.645850836096 3.87491447347 -4.1847076908 0.33875662142
0.360377031395 0.400660473893 0.320318463646 2.12806686816 -26.8692039284 0.959716557502
0.665194500339 0.827941272503 0.847313340122 4.80499856601 -74.5998667466 0.837253227836
0.0163866986332 0.26333079654 0.287505396766 1.31106039734 8.08671128186 0.753055902094
0.961679851334 0.165261293881 0.859120528917 3.86297057535 -82.2038726937 1.79641855745
0.0849043731186 0.774618912313 0.161482762549 2.07435621016 -8.1445498224 0.310285460805
0.494366686047 0.764496234536 0.924800845996 4.72829479859 -23.711035862 0.729870451511
0.0860302592265 0.442981647401 0.18593479777 1.39279435539 -6.76971705695 0.643048611826
0.489784865491 0.283576938686 0.927770205762 3.77768318534 -40.1519889092 1.20620792681
0.556291093169 0.246679803589 0.953590768498 3.77693387564 -56.848455174 1.30961128958
0.394027213371 0.985399968299 0.606371793559 4.23262022846 -46.1581449437 0.408627245072
0.0121582445337 0.895964545615 0.227339578079 2.45126846033 0.997610158058 0.116193698919
0.123174499261 0.179005993958 0.188700566465 1.07742934153 0.698056401672 0.944168505304
0.679738468038 0.744617286452 0.45027423079 3.4840640104 -66.5459809829 0.935121181586
0.762352344068 0.741871951907 0.586153848195 3.94261675369 -61.4385546129 1.02048039216
0.731002796197 0.455550599424 0.484867880551 3.02825821374 -49.4651429807 1.27545219677
0.928903176122 0.0273623343305 0.550528194495 2.69618241244 -89.134500631 1.90154084179
0.597593578487 0.794449645145 0.729229202992 4.18219898266 -33.3960768987 0.803143933341
0.124334972967 0.854395188629 0.81796363541 4.3599197997 4.15768001658 0.269939784338
0.146535539147 0.920114892252 0.0970826836182 2.24355621354 -14.1674354397 0.226420646895
0.519829647425 0.550220558345 0.358694619032 2.8172911067 -46.1416462106 0.969609089079
0.117587881719 0.577486291465 0.627730172582 3.17951669456 2.46299477239 0.540101590254
0.0959194197095 0.0549090400717 0.47568193207 1.7069830785 7.31752679396 1.04101037964
0.309055411959 0.793972967756 0.979793997164 4.95980377322 -0.393838441821 0.515082444203
0.0858401646992 0.507584274385 0.0105372176677 1.22799678697 -9.73780713967 0.578255890314
0.800563116249 0.587188354186 0.401734078457 3.16285852702 -96.5363634363 1.21337476206
0.213045592812 0.124494871769 0.176195902279 0.949723049518 -24.6168084846 1.08855072104
0.822014197305 0.0570472923584 0.750669747964 3.11068683031 -77.2200685282 1.76496690495
0.369383562503 0.265359797845 0.707022160235 2.95945601296 -14.6349677146 1.10402376466
0.689364567358 0.441871177113 0.835645127238 4.00299476655 -47.7451313238 1.24749339024
0.489290168728 0.99568497794 0.929680947038 5.29570379195 -39.7957794774 0.493605190788
0.665124693306 0.198783048485 0.891331572602 3.67716011335 -40.7949727268 1.46634164482
0.00480512688515 0.956090940017 0.602185322116 3.66265789893 2.88505268796 0.0487141868686
0.533500996168 0.608861705738 0.434223171742 2.87388942972 -41.6792864171 0.92463929043
0.494400918549 0.876052534693 0.247549237797 2.88350880187 -37.1682528974 0.618348383856
0.923089696236 0.699035473719 0.30124347428 3.25132917843 -88.1542794619 1.22405422252
0.0453099909607 0.800309269311 0.716175434895 3.84013531995 -11.3460597382 0.245000721649
0.0571180395904 0.850919942999 0.0128518859923 1.64813997722 5.66468586095 0.206198096591
0.445613917892 0.125922097161 0.106867149629 1.05701349118 -57.6837068333 1.31969182073
0.224699208205 0.830279665563 0.788693646604 4.2131033742 -25.8569426274 0.394419542642
0.528924189533 0.408229911462 0.198445709202 1.89766843487 -55.4937948517 1.12069427807
0.174122880176 0.762504413614 0.878902258627 4.4501356629 -19.3682185194 0.411618466561
0.205659192136 0.853511220796 0.354401633101 3.0275810745 3.45225497707 0.35214797134
0.210559111852 0.2055300884 0.546515093772 2.38348426123 4.03188753126 1.00502902345
0.25613077371 0.272723715604 0.104948833093 1.15502949584 -22.9002882039 0.983407058107
0.267325716795 0.259018153583 0.451153612764 2.15364635509 -19.9913496325 1.00830756321
0.828288642899 0.788661810294 0.291536720933 3.25828451077 -68.6309928229 1.03962683261
0.576966247443 0.464356643132 0.580667395576 3.09079887212 -46.7943690677 1.11260960431
0.154568136592 0.441808375867 0.446405604655 2.43309637405 -2.66293786337 0.712759760724
0.975420649311 0.885108229023 0.355733085839 3.68051379041 -73.1787463392 1.09031242029
0.754888551911 0.839588258443 0.682461375445 4.46618879928 -49.2853195368 0.915300293469
0.30617236944 0.922200691803 0.0222528064253 2.25970568254 -18.8506763966 0.383971677637
0.34888563671 0.948826303019 0.802790493097 4.60218386788 -39.5195908671 0.40005933369
0.213946565535 0.00249068092845 0.432175795875 1.45260359584 -21.7532601541 1.21145588461
0.558243928236 0.53589160008 0.712724229725 3.97273752066 -53.2611156245 1.02235232816
0.00123706223141 0.640724897459 0.11421846049 1.6333182818 -5.40191833237 0.360512164772
0.317063569556 0.121889318386 0.171667018983 0.948238839187 -36.5888735491 1.19517425117
0.264357054354 0.509265473678 0.6122264511 3.11163034534 -25.49741886 0.755091580676
0.688025360575 0.406048985978 0.784992040808 3.59412851424 -59.8776727964 1.2819763746
0.996433327768 0.732197141056 0.0910576156151 2.86364794088 -99.6793862758 1.26423618671
0.988125904696 0.852984776412 0.226019057779 3.35371158984 -90.2533627222 1.13514112828
0.528477258675 0.455793304204 0.228450731865 2.31900411781 -29.1136926187 1.07268395447
0.23620116679 0.28644028536 0.865146235412 3.43596044372 -17.7572672551 0.94976088143
0.388927943531 0.806338419036 0.983430675709 5.02277902964 -48.8536871776 0.582589524496
0.234515301481 0.403405184261 0.549416138592 2.61409327099 -28.0847523977 0.831110117221
0.589622301369 0.130996748573 0.00102943221714 0.873188113134 -61.2497910783 1.4586255528
